7 Feb 2015

These source

+2.9e-07 13.0612 0.297136 2.1 1 2 2AGL0018
+4.2e-07 16.2417 -0.62179 2.1 0 2 2AGL0019
+5.2e-07 17.1859 -1.71166 2.1 0 2 2AGL0020
+3.7e-07 17.5349 0.110004 2.1 0 2 2AGL0021
+5.4e-07 17.2373 2.40475 2.1 0 2 2AGL0022
+9.24991e-08 17.8515 -13.329 2.1 0 2 _2AGL0023
+6.1e-07 18.6103 -0.348794 2.1 0 2 2AGL0024
+1.7e-07 17.3698        -0.761501 2.1 0 2 2AGLRUN11
+3.02442e-07 21.2757 -0.396025 2.1 0 2 2AGL0025
+1.53711e-07 21.6917 0.728532 2.1 0 2 2AGL0026
+9.19515e-08 22.2897 -5.39148 2.1 0 2 2AGL0027

are validated

3 Jan 2015

These sources:

+2.67856e-07 13.41 -0.0998309 2.1 0 2  2AGL0018*
+3.22992e-07 16.3055 -0.570675 2.1 0 2  2AGL0019*
+4.55218e-07 17.1343 -1.49242 2.1 0 2  2AGL0020*
+3.33264e-07 17.5349 0.110004 2.1 0 2  2AGL0021*
+3.75724e-07 17.597 2.49803 2.1 0 2  2AGL0022*
+9.24991e-08 17.8515 -13.329 2.1 0 2  2AGL0023*
+5.04017e-07 18.641 -0.313246 2.1 0 2  2AGL0024*
+3.02442e-07 21.2757 -0.396025 2.1 0 2  2AGL0025*
+1.53711e-07 21.6917 0.728532 2.1 0 2  2AGL0026*
+9.19515e-08 22.2897 -5.39148 2.1 0 2  2AGL0027*

are under test in ring 0011.0000

